[gd_scene load_steps=43 format=3 uid="uid://cbydosia47duf"]

[ext_resource type="Script" path="res://main.gd" id="1_cthjx"]
[ext_resource type="PackedScene" uid="uid://clc5dre31iskm" path="res://addons/godot-xr-tools/xr/start_xr.tscn" id="1_pedee"]
[ext_resource type="PackedScene" uid="uid://xqimcf20s2jp" path="res://addons/godot-xr-tools/hands/scenes/lowpoly/right_fullglove_low.tscn" id="2_21ao1"]
[ext_resource type="Shader" path="res://addons/godot-xr-tools/staging/fade.gdshader" id="2_icgkg"]
[ext_resource type="PackedScene" uid="uid://bl2nuu3qhlb5k" path="res://addons/godot-xr-tools/functions/movement_direct.tscn" id="3_mbhq1"]
[ext_resource type="Texture2D" uid="uid://dyuy7oe3gla71" path="res://pictures/treesskybox.jpg" id="3_rjalf"]
[ext_resource type="PackedScene" uid="uid://diyu06cw06syv" path="res://addons/godot-xr-tools/player/player_body.tscn" id="4_fr5tq"]
[ext_resource type="PackedScene" uid="uid://b4ysuy43poobf" path="res://addons/godot-xr-tools/functions/function_pickup.tscn" id="5_vq85m"]
[ext_resource type="PackedScene" uid="uid://b6bk2pj8vbj28" path="res://addons/godot-xr-tools/functions/movement_turn.tscn" id="5_yuk0q"]
[ext_resource type="PackedScene" uid="uid://0xlsitpu17r1" path="res://addons/godot-xr-tools/functions/movement_footstep.tscn" id="7_ob6rw"]
[ext_resource type="PackedScene" uid="uid://c2q5phg8w08o" path="res://addons/godot-xr-tools/functions/movement_jump.tscn" id="8_3e0hb"]
[ext_resource type="Script" path="res://addons/godot-xr-tools/audio/surface_audio_type.gd" id="8_o5boh"]
[ext_resource type="PackedScene" uid="uid://bxm1ply47vaan" path="res://addons/godot-xr-tools/functions/movement_climb.tscn" id="9_6f5lv"]
[ext_resource type="AudioStream" uid="uid://c7wh7vrk0rgtl" path="res://default_footstep.wav" id="9_ci6sm"]
[ext_resource type="Script" path="res://addons/godot-xr-tools/overrides/ground_physics_settings.gd" id="9_qng54"]
[ext_resource type="PackedScene" uid="uid://ctltchlf2j2r4" path="res://addons/xr-simulator/XRSimulator.tscn" id="10_kug0p"]
[ext_resource type="PackedScene" uid="uid://ddsj74hpt1kgb" path="res://addons/godot-xr-tools/hands/scenes/highpoly/left_physics_tac_glove.tscn" id="10_vuml7"]
[ext_resource type="PackedScene" uid="uid://c8igqygjx4esl" path="res://rooms/TheLobby.tscn" id="14_5nq5v"]
[ext_resource type="PackedScene" uid="uid://cqhw276realc" path="res://addons/godot-xr-tools/functions/function_pointer.tscn" id="17_rof06"]
[ext_resource type="Script" path="res://CSGMesh3D.gd" id="20_nwag5"]
[ext_resource type="PackedScene" uid="uid://bufelcry36rw1" path="res://addons/xr-autohandtracker/auto_handtracker.tscn" id="46_elwey"]
[ext_resource type="Script" path="res://MediaPipePose.gd" id="56_fvfhk"]
[ext_resource type="PackedScene" uid="uid://ktm7k0co2o7l" path="res://addons/mqtt/mqtt.tscn" id="57_xr4ou"]

[sub_resource type="QuadMesh" id="QuadMesh_tuha2"]
custom_aabb = AABB(-5000, -5000, -5000, 10000, 10000, 10000)
size = Vector2(2, 2)

[sub_resource type="ShaderMaterial" id="ShaderMaterial_pv1bp"]
render_priority = 0
shader = ExtResource("2_icgkg")
shader_parameter/alpha = 0.0

[sub_resource type="PanoramaSkyMaterial" id="PanoramaSkyMaterial_1wuwa"]
panorama = ExtResource("3_rjalf")

[sub_resource type="Sky" id="Sky_s1a1u"]
sky_material = SubResource("PanoramaSkyMaterial_1wuwa")

[sub_resource type="Environment" id="Environment_mt1qa"]
background_mode = 2
sky = SubResource("Sky_s1a1u")
volumetric_fog_density = 1.0
volumetric_fog_length = 1.0
volumetric_fog_detail_spread = 0.63728

[sub_resource type="Resource" id="Resource_bxati"]
script = ExtResource("8_o5boh")
name = ""
walk_sounds = Array[AudioStream]([ExtResource("9_ci6sm")])
walk_pitch_minimum = 0.8
walk_pitch_maximum = 1.2

[sub_resource type="AnimationNodeAnimation" id="AnimationNodeAnimation_jy0ml"]
animation = &"Grip"

[sub_resource type="AnimationNodeAnimation" id="AnimationNodeAnimation_ckies"]
animation = &"Grip"

[sub_resource type="AnimationNodeBlend2" id="AnimationNodeBlend2_3iv75"]
filter_enabled = true
filters = ["Armature/Skeleton3D:Little_Distal_L", "Armature/Skeleton3D:Little_Intermediate_L", "Armature/Skeleton3D:Little_Metacarpal_L", "Armature/Skeleton3D:Little_Proximal_L", "Armature/Skeleton3D:Middle_Distal_L", "Armature/Skeleton3D:Middle_Intermediate_L", "Armature/Skeleton3D:Middle_Metacarpal_L", "Armature/Skeleton3D:Middle_Proximal_L", "Armature/Skeleton3D:Ring_Distal_L", "Armature/Skeleton3D:Ring_Intermediate_L", "Armature/Skeleton3D:Ring_Metacarpal_L", "Armature/Skeleton3D:Ring_Proximal_L", "Armature/Skeleton3D:Thumb_Distal_L", "Armature/Skeleton3D:Thumb_Metacarpal_L", "Armature/Skeleton3D:Thumb_Proximal_L", "Armature/Skeleton:Little_Distal_L", "Armature/Skeleton:Little_Intermediate_L", "Armature/Skeleton:Little_Proximal_L", "Armature/Skeleton:Middle_Distal_L", "Armature/Skeleton:Middle_Intermediate_L", "Armature/Skeleton:Middle_Proximal_L", "Armature/Skeleton:Ring_Distal_L", "Armature/Skeleton:Ring_Intermediate_L", "Armature/Skeleton:Ring_Proximal_L", "Armature/Skeleton:Thumb_Distal_L", "Armature/Skeleton:Thumb_Proximal_L"]

[sub_resource type="AnimationNodeAnimation" id="AnimationNodeAnimation_ely5u"]
animation = &"Grip 5"

[sub_resource type="AnimationNodeBlend2" id="AnimationNodeBlend2_b0you"]
filter_enabled = true
filters = ["Armature/Skeleton3D:Index_Distal_L", "Armature/Skeleton3D:Index_Intermediate_L", "Armature/Skeleton3D:Index_Metacarpal_L", "Armature/Skeleton3D:Index_Proximal_L", "Armature/Skeleton:Index_Distal_L", "Armature/Skeleton:Index_Intermediate_L", "Armature/Skeleton:Index_Proximal_L"]

[sub_resource type="AnimationNodeBlendTree" id="AnimationNodeBlendTree_qvvmi"]
graph_offset = Vector2(-536, 11)
nodes/ClosedHand1/node = SubResource("AnimationNodeAnimation_jy0ml")
nodes/ClosedHand1/position = Vector2(-600, 300)
nodes/ClosedHand2/node = SubResource("AnimationNodeAnimation_ckies")
nodes/ClosedHand2/position = Vector2(-360, 300)
nodes/Grip/node = SubResource("AnimationNodeBlend2_3iv75")
nodes/Grip/position = Vector2(0, 20)
nodes/OpenHand/node = SubResource("AnimationNodeAnimation_ely5u")
nodes/OpenHand/position = Vector2(-600, 100)
nodes/Trigger/node = SubResource("AnimationNodeBlend2_b0you")
nodes/Trigger/position = Vector2(-360, 20)
node_connections = [&"Grip", 0, &"Trigger", &"Grip", 1, &"ClosedHand2", &"Trigger", 0, &"OpenHand", &"Trigger", 1, &"ClosedHand1", &"output", 0, &"Grip"]

[sub_resource type="Resource" id="Resource_cbi6m"]
script = ExtResource("9_qng54")
flags = 80
move_drag = 15.0
move_traction = 30.0
stop_on_slope = true
move_max_slope = 45.0
jump_max_slope = 45.0
jump_velocity = 5.0
bounciness = 0.0
bounce_threshold = 1.0

[sub_resource type="TorusMesh" id="TorusMesh_hcnd6"]

[sub_resource type="StandardMaterial3D" id="StandardMaterial3D_bwdhb"]
albedo_color = Color(0.0627451, 1, 1, 1)
metallic = 0.89
roughness = 0.05

[sub_resource type="StandardMaterial3D" id="StandardMaterial3D_t6ltv"]
albedo_color = Color(0.6842, 0.671572, 0.696409, 1)

[sub_resource type="BoxMesh" id="BoxMesh_c8e6t"]
material = SubResource("StandardMaterial3D_t6ltv")
size = Vector3(0.1, 0.9, 0.1)

[sub_resource type="StandardMaterial3D" id="StandardMaterial3D_10i0x"]
albedo_color = Color(0.956863, 0.0235294, 0, 1)

[sub_resource type="BoxMesh" id="BoxMesh_sthqc"]
material = SubResource("StandardMaterial3D_10i0x")
size = Vector3(0.8, 0.8, 0.8)

[node name="Main" type="Node3D"]
script = ExtResource("1_cthjx")

[node name="Fade" type="MeshInstance3D" parent="."]
mesh = SubResource("QuadMesh_tuha2")
surface_material_override/0 = SubResource("ShaderMaterial_pv1bp")

[node name="WorldEnvironment" type="WorldEnvironment" parent="."]
environment = SubResource("Environment_mt1qa")

[node name="DirectionalLight3D" type="DirectionalLight3D" parent="WorldEnvironment"]
transform = Transform3D(1, 0, 0, 0, 0.153193, 0.988196, 0, -0.988196, 0.153193, 0, 16.1129, 0)
visible = false

[node name="StartXR" parent="." instance=ExtResource("1_pedee")]

[node name="XROrigin3D" type="XROrigin3D" parent="."]

[node name="XRCamera3D" type="XRCamera3D" parent="XROrigin3D"]
transform = Transform3D(1, 0, 0, 0, 1, 0, 0, 0, 1, 0, 1.2, 0)
current = true

[node name="GPUParticlesCollisionSphere3D" type="GPUParticlesCollisionSphere3D" parent="XROrigin3D/XRCamera3D"]
radius = 0.15

[node name="LeftHand" type="XRController3D" parent="XROrigin3D"]
transform = Transform3D(1, 0, 0, 0, 1, 0, 0, 0, 1, -0.5, 1, -0.5)
tracker = &"left_hand"

[node name="MovementDirect" parent="XROrigin3D/LeftHand" instance=ExtResource("3_mbhq1")]
max_speed = 2.2
strafe = true

[node name="FunctionPickup" parent="XROrigin3D/LeftHand" instance=ExtResource("5_vq85m")]

[node name="MovementFootstep" parent="XROrigin3D/LeftHand" instance=ExtResource("7_ob6rw")]
default_surface_audio_type = SubResource("Resource_bxati")

[node name="LeftPhysicsHand" parent="XROrigin3D/LeftHand" instance=ExtResource("10_vuml7")]

[node name="Skeleton3D" parent="XROrigin3D/LeftHand/LeftPhysicsHand/Hand_Glove_L/Armature" index="0"]
bones/3/position = Vector3(0.000474975, 0.042475, 0.000474975)

[node name="BoneThumbMetacarpal" parent="XROrigin3D/LeftHand/LeftPhysicsHand/Hand_Glove_L/Armature/Skeleton3D" index="2"]
transform = Transform3D(0.998519, 0.0514604, -0.0176509, -0.017651, 0.613335, 0.789626, 0.0514604, -0.788145, 0.613335, 0.00999954, 0.0200266, 3.59323e-05)

[node name="BoneThumbProximal" parent="XROrigin3D/LeftHand/LeftPhysicsHand/Hand_Glove_L/Armature/Skeleton3D" index="3"]
transform = Transform3D(0.921479, 0.383958, -0.0587628, -0.124052, 0.434264, 0.892203, 0.368087, -0.814856, 0.447796, 0.012311, 0.0475754, -0.0353648)

[node name="BoneThumbDistal" parent="XROrigin3D/LeftHand/LeftPhysicsHand/Hand_Glove_L/Armature/Skeleton3D" index="4"]
transform = Transform3D(0.930159, 0.366844, 0.0151708, -0.154037, 0.352396, 0.923087, 0.333283, -0.860954, 0.384292, 0.0290294, 0.0663856, -0.0695883)

[node name="BoneIndexMetacarpal" parent="XROrigin3D/LeftHand/LeftPhysicsHand/Hand_Glove_L/Armature/Skeleton3D" index="5"]
transform = Transform3D(0.999165, 0.0336562, -0.0231681, 0.0231985, -0.00051113, 0.999731, 0.0336353, -0.999433, -0.00129147, -0.0100005, 0.0224317, 3.59286e-05)

[node name="BoneIndexProximal" parent="XROrigin3D/LeftHand/LeftPhysicsHand/Hand_Glove_L/Armature/Skeleton3D" index="6"]
transform = Transform3D(0.997821, 0.0419384, -0.0509326, 0.0413169, 0.204661, 0.97796, 0.0514381, -0.977934, 0.202483, -0.00729559, 0.0223907, -0.0802861)

[node name="BoneIndexMiddle" parent="XROrigin3D/LeftHand/LeftPhysicsHand/Hand_Glove_L/Armature/Skeleton3D" index="7"]
transform = Transform3D(0.759851, 0.644453, -0.0854741, -0.040588, 0.178251, 0.983148, 0.648829, -0.743577, 0.161601, -0.00569705, 0.0301916, -0.117561)

[node name="BoneMiddleMetacarpal" parent="XROrigin3D/LeftHand/LeftPhysicsHand/Hand_Glove_L/Armature/Skeleton3D" index="9"]
transform = Transform3D(0.999918, -0.0127165, -0.00125617, 0.000365489, -0.0698022, 0.997561, -0.0127732, -0.99748, -0.0697919, -0.0100005, 0.00355416, 3.59286e-05)

[node name="BoneMiddleProximal" parent="XROrigin3D/LeftHand/LeftPhysicsHand/Hand_Glove_L/Armature/Skeleton3D" index="10"]
transform = Transform3D(0.971345, 0.237654, -0.00293004, 0.0207339, -0.0724503, 0.997156, 0.236766, -0.968644, -0.0753018, -0.0110237, -0.00206236, -0.0802245)

[node name="BoneMiddleMiddle" parent="XROrigin3D/LeftHand/LeftPhysicsHand/Hand_Glove_L/Armature/Skeleton3D" index="11"]
transform = Transform3D(0.764922, 0.643161, -0.0351718, 0.0290327, 0.0201225, 0.999376, 0.643468, -0.765466, -0.00328059, -0.000328456, -0.00532286, -0.123817)

[node name="BoneMiddleDistal" parent="XROrigin3D/LeftHand/LeftPhysicsHand/Hand_Glove_L/Armature/Skeleton3D" index="12"]
transform = Transform3D(0.297115, 0.95453, -0.0243818, 0.0374454, 0.0138673, 0.999202, 0.954107, -0.297791, -0.0316226, 0.0205207, -0.00467056, -0.148631)

[node name="BoneRingMetacarpal" parent="XROrigin3D/LeftHand/LeftPhysicsHand/Hand_Glove_L/Armature/Skeleton3D" index="13"]
transform = Transform3D(0.998609, 0.047074, 0.0237409, -0.0169882, -0.138981, 0.990149, 0.0499098, -0.989175, -0.137988, -0.0100005, -0.0130734, 3.59304e-05)

[node name="BoneRingProximal" parent="XROrigin3D/LeftHand/LeftPhysicsHand/Hand_Glove_L/Armature/Skeleton3D" index="14"]
transform = Transform3D(0.982964, 0.181854, 0.0266582, 0.0109494, -0.202722, 0.979175, 0.183471, -0.962202, -0.20126, -0.00651963, -0.0233502, -0.0731075)

[node name="BoneRingMiddle" parent="XROrigin3D/LeftHand/LeftPhysicsHand/Hand_Glove_L/Armature/Skeleton3D" index="15"]
transform = Transform3D(0.772579, 0.634603, 0.0200164, 0.0794845, -0.127948, 0.98859, 0.629924, -0.762173, -0.149291, 0.000778393, -0.0314857, -0.111722)

[node name="BoneRingDistal" parent="XROrigin3D/LeftHand/LeftPhysicsHand/Hand_Glove_L/Armature/Skeleton3D" index="16"]
transform = Transform3D(0.381387, 0.924068, 0.025339, 0.114105, -0.0742599, 0.990689, 0.917346, -0.374945, -0.133762, 0.0184188, -0.0350424, -0.132908)

[node name="BonePinkyMetacarpal" parent="XROrigin3D/LeftHand/LeftPhysicsHand/Hand_Glove_L/Armature/Skeleton3D" index="17"]
transform = Transform3D(0.998969, 0.0165318, 0.0422887, -0.0385953, -0.181426, 0.982647, 0.0239172, -0.983265, -0.180601, -4.58211e-07, -0.0299734, 3.59304e-05)

[node name="BonePinkyProximal" parent="XROrigin3D/LeftHand/LeftPhysicsHand/Hand_Glove_L/Armature/Skeleton3D" index="18"]
transform = Transform3D(0.969212, 0.239304, 0.0579745, 0.0185535, -0.305761, 0.951928, 0.245527, -0.921544, -0.300787, 0.00108587, -0.0418952, -0.0645756)

[node name="BonePinkyMiddle" parent="XROrigin3D/LeftHand/LeftPhysicsHand/Hand_Glove_L/Armature/Skeleton3D" index="19"]
transform = Transform3D(0.699331, 0.713816, 0.0374602, 0.103947, -0.153407, 0.982681, 0.707199, -0.683325, -0.181481, 0.00901247, -0.0520231, -0.0951004)

[node name="BonePinkyDistal" parent="XROrigin3D/LeftHand/LeftPhysicsHand/Hand_Glove_L/Armature/Skeleton3D" index="20"]
transform = Transform3D(0.340891, 0.939844, 0.0220291, 0.162162, -0.081867, 0.983362, 0.926011, -0.331647, -0.180315, 0.0218786, -0.0547881, -0.107417)

[node name="AnimationTree" parent="XROrigin3D/LeftHand/LeftPhysicsHand" index="1"]
tree_root = SubResource("AnimationNodeBlendTree_qvvmi")

[node name="AutoHandtracker" parent="XROrigin3D/LeftHand" instance=ExtResource("46_elwey")]

[node name="RightHand" type="XRController3D" parent="XROrigin3D"]
transform = Transform3D(1, 0, 0, 0, 1, 0, 0, 0, 1, 0.5, 1.20679, -0.5)
tracker = &"right_hand"

[node name="RightHand" parent="XROrigin3D/RightHand" instance=ExtResource("2_21ao1")]

[node name="MovementTurn" parent="XROrigin3D/RightHand" instance=ExtResource("5_yuk0q")]
turn_mode = 1
step_turn_angle = 30.0

[node name="FunctionPickup" parent="XROrigin3D/RightHand" instance=ExtResource("5_vq85m")]

[node name="MovementJump" parent="XROrigin3D/RightHand" instance=ExtResource("8_3e0hb")]
jump_button_action = "ax_button"

[node name="AutoHandtracker" parent="XROrigin3D/RightHand" instance=ExtResource("46_elwey")]

[node name="PlayerBody" parent="XROrigin3D" instance=ExtResource("4_fr5tq")]
physics = SubResource("Resource_cbi6m")

[node name="MovementClimb" parent="XROrigin3D" instance=ExtResource("9_6f5lv")]

[node name="FunctionPointer" parent="XROrigin3D" instance=ExtResource("17_rof06")]

[node name="XRSimulator" parent="XROrigin3D" instance=ExtResource("10_kug0p")]
xr_origin = NodePath("..")

[node name="CSGMesh3D" type="CSGMesh3D" parent="XROrigin3D"]
transform = Transform3D(1, 0, 0, 0, 1, 0, 0, 0, 1, 0.448481, 1.63132, 0)
visible = false
mesh = SubResource("TorusMesh_hcnd6")
material = SubResource("StandardMaterial3D_bwdhb")
script = ExtResource("20_nwag5")

[node name="TheLobby" parent="." instance=ExtResource("14_5nq5v")]

[node name="MediaPipePose" type="Node3D" parent="."]
transform = Transform3D(1, 0, 0, 0, 1, 0, 0, 0, 1, 1.85239, 2.39807, 0)
script = ExtResource("56_fvfhk")

[node name="MQTT" parent="MediaPipePose" instance=ExtResource("57_xr4ou")]
verbose_level = 1

[node name="BodyPose" type="Node3D" parent="MediaPipePose"]

[node name="ExampleStick" type="Node3D" parent="MediaPipePose/BodyPose"]
visible = false

[node name="StemY" type="MeshInstance3D" parent="MediaPipePose/BodyPose/ExampleStick"]
mesh = SubResource("BoxMesh_c8e6t")

[node name="ExampleJoint" type="Node3D" parent="MediaPipePose/BodyPose"]
visible = false

[node name="Box" type="MeshInstance3D" parent="MediaPipePose/BodyPose/ExampleJoint"]
mesh = SubResource("BoxMesh_sthqc")

[connection signal="broker_connected" from="MediaPipePose/MQTT" to="MediaPipePose" method="_on_mqtt_broker_connected"]
[connection signal="received_message" from="MediaPipePose/MQTT" to="MediaPipePose" method="_on_mqtt_received_message"]

[editable path="XROrigin3D/LeftHand/LeftPhysicsHand"]
[editable path="XROrigin3D/LeftHand/LeftPhysicsHand/Hand_Glove_L"]
